{
  "config_file": "config1.json",
  "mode": "train",
  "dataset_names": [
    "hle_text_only",
    "OlymMATH-en-translatedbyQwe...",
    "u-math",
    "Omni-MATH",
    "LiveMathBench-en"
  ],
  "full_dataset_names": [
    "DongfuJiang/hle_text_only",
    "llm-2025-sahara/OlymMATH-en-translatedbyQwen3-235B-instruct",
    "toloka/u-math",
    "KbsdJames/Omni-MATH",
    "llm-2025-sahara/LiveMathBench-en"
  ],
  "distances": {
    "PCA_1000d": {
      "euclidean": [
        [
          0.0,
          17.5095301751545,
          17.830719549197216,
          36.058409462472355,
          17.69043392556546
        ],
        [
          17.5095301751545,
          0.0,
          8.277647344283128,
          42.97631551119906,
          5.279442955124396
        ],
        [
          17.830719549197216,
          8.277647344283128,
          0.0,
          43.41743716403048,
          9.043741973628215
        ],
        [
          36.058409462472355,
          42.97631551119906,
          43.41743716403049,
          0.0,
          45.78787288855611
        ],
        [
          17.69043392556546,
          5.279442955124396,
          9.043741973628215,
          45.78787288855611,
          0.0
        ]
      ],
      "cosine": [
        [
          0.0,
          0.9328396650166403,
          0.9603206413836282,
          1.650058912401992,
          0.7615191754090417
        ],
        [
          0.9328396650166403,
          0.0,
          0.13560709616670596,
          1.74577745620602,
          0.04404241601503389
        ],
        [
          0.9603206413836282,
          0.13560709616670596,
          0.0,
          1.7758604543192278,
          0.14025332680738378
        ],
        [
          1.650058912401992,
          1.74577745620602,
          1.7758604543192278,
          0.0,
          1.848724642302305
        ],
        [
          0.7615191754090417,
          0.04404241601503389,
          0.14025332680738378,
          1.848724642302305,
          0.0
        ]
      ]
    },
    "PCA_2d": {
      "euclidean": [
        [
          0.0,
          11.919487505951839,
          12.159643838466177,
          9.180317442636644,
          13.363582943329929
        ],
        [
          11.91948750595184,
          0.0,
          0.2592650214756417,
          19.637254201093416,
          1.5173092356443607
        ],
        [
          12.159643838466177,
          0.2592650214756417,
          0.0,
          19.895994961434265,
          1.258597827658195
        ],
        [
          9.180317442636644,
          19.637254201093416,
          19.895994961434265,
          0.0,
          21.1545491619759
        ],
        [
          13.363582943329929,
          1.5173092356443607,
          1.258597827658195,
          21.1545491619759,
          0.0
        ]
      ],
      "cosine": [
        [
          0.0,
          1.803853725843437,
          1.7999694197201612,
          0.4478256124808333,
          1.7882892207303356
        ],
        [
          1.803853725843437,
          0.0,
          2.1135503272540213e-05,
          1.939791763971542,
          0.0003307983725715502
        ],
        [
          1.7999694197201612,
          2.1135503272540213e-05,
          0.0,
          1.9419938009902957,
          0.00018471014095922111
        ],
        [
          0.4478256124808333,
          1.939791763971542,
          1.9419938009902957,
          0.0,
          1.948270424842696
        ],
        [
          1.7882892207303356,
          0.0003307983725715502,
          0.00018471014095922111,
          1.948270424842696,
          0.0
        ]
      ]
    },
    "UMAP_2d": {
      "euclidean": [
        [
          0.0,
          2.013906955718994,
          4.066758155822754,
          2.6620795726776123,
          1.1922383308410645
        ],
        [
          2.013906955718994,
          0.0,
          2.337606191635132,
          1.9571278095245361,
          1.3080368041992188
        ],
        [
          4.066758155822754,
          2.337606191635132,
          0.0,
          4.0068135261535645,
          2.9376635551452637
        ],
        [
          2.6620795726776123,
          1.9571278095245361,
          4.0068135261535645,
          0.0,
          2.8272337913513184
        ],
        [
          1.1922383308410645,
          1.3080368041992188,
          2.9376635551452637,
          2.8272337913513184,
          0.0
        ]
      ],
      "cosine": [
        [
          0.0,
          9.5367431640625e-05,
          0.0028809309005737305,
          0.0010923147201538086,
          0.00038444995880126953
        ],
        [
          9.5367431640625e-05,
          0.0,
          0.0019287467002868652,
          0.001832425594329834,
          9.685754776000977e-05
        ],
        [
          0.0028809309005737305,
          0.0019287467002868652,
          0.0,
          0.00751417875289917,
          0.0011613965034484863
        ],
        [
          0.0010923147201538086,
          0.001832425594329834,
          0.00751417875289917,
          0.0,
          0.002771437168121338
        ],
        [
          0.00038444995880126953,
          9.685754776000977e-05,
          0.0011613965034484863,
          0.002771437168121338,
          0.0
        ]
      ]
    }
  }
}