{
  "config_file": "config2.json",
  "mode": "transform",
  "dataset_names": [
    "hle_text_only",
    "OlymMATH-en-with-reasoning",
    "Omni-MATH-imo-imc-with-reas...",
    "u-math-with-reasoning",
    "LiveMathBench-en-with-reaso..."
  ],
  "full_dataset_names": [
    "DongfuJiang/hle_text_only",
    "llm-2025-sahara/OlymMATH-en-with-reasoning",
    "llm-2025-sahara/Omni-MATH-imo-imc-with-reasoning2",
    "llm-2025-sahara/u-math-with-reasoning",
    "llm-2025-sahara/LiveMathBench-en-with-reasoning"
  ],
  "distances": {
    "PCA_1000d": {
      "euclidean": [
        [
          0.0,
          16.88723316019944,
          17.049293391974807,
          21.53792200401489,
          16.51296464227191
        ],
        [
          16.88723316019944,
          0.0,
          6.852034047477046,
          14.901172630572106,
          6.7333781049732595
        ],
        [
          17.049293391974807,
          6.852034047477046,
          0.0,
          16.56213035824372,
          7.197352529385881
        ],
        [
          21.53792200401489,
          14.901172630572106,
          16.56213035824372,
          0.0,
          16.036853498930004
        ],
        [
          16.51296464227191,
          6.7333781049732595,
          7.197352529385881,
          16.036853498930004,
          0.0
        ]
      ],
      "cosine": [
        [
          0.0,
          0.905797432984854,
          0.9861762430027623,
          1.0665201926277676,
          0.725788778483712
        ],
        [
          0.905797432984854,
          0.0,
          0.10247107946605372,
          0.35233577784919656,
          0.08543488228895613
        ],
        [
          0.9861762430027623,
          0.10247107946605372,
          0.0,
          0.44919110244637894,
          0.09824925008011187
        ],
        [
          1.0665201926277676,
          0.35233577784919656,
          0.44919110244637894,
          0.0,
          0.392912310265245
        ],
        [
          0.725788778483712,
          0.08543488228895613,
          0.09824925008011187,
          0.392912310265245,
          0.0
        ]
      ]
    },
    "PCA_2d": {
      "euclidean": [
        [
          0.0,
          11.158221332405427,
          12.312771112122402,
          12.736109020292503,
          12.590681111600784
        ],
        [
          11.158221332405425,
          0.0,
          1.2219139141446476,
          1.6650938294030657,
          1.516126716772209
        ],
        [
          12.312771112122402,
          1.2219139141446476,
          0.0,
          0.4432001473097463,
          0.2942700563783707
        ],
        [
          12.736109020292504,
          1.6650938294030657,
          0.4432001473097463,
          0.0,
          0.14940980620970612
        ],
        [
          12.590681111600786,
          1.516126716772209,
          0.2942700563783707,
          0.14940980620970612,
          0.0
        ]
      ],
      "cosine": [
        [
          0.0,
          1.8136015344210863,
          1.7990183502700887,
          1.7947561217586798,
          1.7955817259184466
        ],
        [
          1.8136015344210863,
          0.0,
          0.00030401697576976083,
          0.0005028541671864284,
          0.0004606084975524727
        ],
        [
          1.7990183502700887,
          0.00030401697576976083,
          0.0,
          2.4888276779044816e-05,
          1.6209365750086135e-05
        ],
        [
          1.7947561217586798,
          0.0005028541671864284,
          2.4888276779044816e-05,
          0.0,
          9.268574114873473e-07
        ],
        [
          1.7955817259184466,
          0.0004606084975524727,
          1.6209365750086135e-05,
          9.268574114873473e-07,
          0.0
        ]
      ]
    },
    "UMAP_2d": {
      "euclidean": [
        [
          0.0,
          1.781722068786621,
          1.4402135610580444,
          4.366108417510986,
          0.5398678779602051
        ],
        [
          1.781722068786621,
          0.0,
          0.3609587252140045,
          2.598607301712036,
          1.4348711967468262
        ],
        [
          1.4402135610580444,
          0.3609587252140045,
          0.0,
          2.956843614578247,
          1.143940806388855
        ],
        [
          4.366108417510986,
          2.598607301712036,
          2.956843614578247,
          0.0,
          3.9509453773498535
        ],
        [
          0.5398678779602051,
          1.4348711967468262,
          1.143940806388855,
          3.9509453773498535,
          0.0
        ]
      ],
      "cosine": [
        [
          0.0,
          0.00021189451217651367,
          9.119510650634766e-05,
          0.0022234320640563965,
          0.00010353326797485352
        ],
        [
          0.00021189451217651367,
          0.0,
          2.5212764739990234e-05,
          0.0010629892349243164,
          1.9252300262451172e-05
        ],
        [
          9.119510650634766e-05,
          2.5212764739990234e-05,
          0.0,
          0.001414656639099121,
          4.76837158203125e-07
        ],
        [
          0.0022234320640563965,
          0.0010629892349243164,
          0.001414656639099121,
          0.0,
          0.0013680458068847656
        ],
        [
          0.00010353326797485352,
          1.9252300262451172e-05,
          4.76837158203125e-07,
          0.0013680458068847656,
          0.0
        ]
      ]
    }
  }
}